10.3165 17.2366
11.5098 17.7548
10.4475 17.3871
12.7757 15.6006
13.3315 16.5674
12.097 16.8251
12.1172 16.7238
12.1736 17.9848
11.7634 15.3165
10.5661 15.7535
12.309 16.4857
11.7301 18.1692
11.3819 16.6714
11.8109 16.9349
12.1569 18.7932
11.9191 16.9412
10.6297 17.6101
12.4815 16.3611
12 15.6
12.4938 16.9218
11.3534 17.8899
11.6493 16.281
13.3908 17.5619
11.5933 17.9135
10.8832 18.5371
10.3127 17.2072
10.5057 16.8693
10.2175 16.7495
12.0559 17.0829
11.788 17.3392
12.6787 15.7755
12.2661 18.0673
11.5316 16.4798
12.662 17.8785
11.6073 16.9237
11.8796 17.1597
11.9384 17.0788
11.7402 16.85
11.672 17.3774
11.5896 15.8724
12.3429 16.794
12.5119 17.4774
11.6848 16.7537
12.803 17.8918
12.9456 17.7388
12 15.2
12.4684 17.5202
13.8436 16.5403
12.5673 16.8047
11.2019 15.499
11.5092 17.0954
13.4772 17.2605
11.9756 16.3004
13.1957 15.5234
11.9546 16.9109
10.8417 16.4098
12 17
11.7543 17.1721
13.538 17.441
12.4049 18.7539
12.3709 17.5936
13.2053 16.513
12.4405 16.456
11.2359 15.9483
11.9651 17.3985
11.1771 15.8674
12.0781 16.8159
12.4678 18.5301
12.1809 18.2873
10.5112 17.1828
11.8251 17.097
11.4717 17.4592
11.5212 18.3156
12.4388 16.5908
11.993 17.3999
12.5071 18.0876
13.4004 17.5376
11.9269 16.4045
12.1268 17.2719
11.7464 17.5438
11.6403 17.3473
12.1995 16.986
12.4961 18.7303
11.3106 17.5785
11.9 17.0017
12.5785 17.6894
10.8148 16.8123
12.1693 16.3208
12.0278 16.8019
12.0868 16.5076
12.55 17.9526
10.3686 16.2393
11.6291 17.1498
11.4445 15.183
11.8958 16.4091
12 17
12.6292 17.3069
11.8747 17.8912
12.3435 15.2331
12.0244 17.1985
3.27362 9.75175
2.49286 10.0876
2.21764 10.0382
1.912 8.11895
1.71601 9.20336
4.16065 9.78287
3.44589 9.40148
3.05446 9.08387
3.09455 8.96744
3.5 9.86603
2.50851 8.65585
3.32253 8.15978
4.04662 10.3396
3.76412 8.20873
4.18091 10.3585
1.99315 7.38871
3.89781 8.93722
4.28301 10.1153
2.99651 8.80003
3.59416 8.9165
1.96519 7.40653
2.72385 8.88278
3 9
4.49635 9.10463
3.05176 9.19319
3.40451 9.29389
1.77127 9.86036
3.892 7.3224
2.61758 10.6564
3.75518 8.06742
2.73504 9.42402
3.33646 7.7443
2.03874 9.27564
2.49117 9.31795
4.39467 9.12202
3.31466 9.38857
1.50822 8.84321
2.74019 8.85
3.19696 8.96527
2.36317 10.5762
3 9
3.14634 10.3923
3.74189 10.1873
4.17017 10.0912
3.29723 10.8766
3.7989 9.04187
3.35318 8.81221
4.72135 8.47373
4.04199 10.079
3.44953 7.88738
3.1841 8.92185
2.22822 7.48529
2.97906 9.59963
2.66354 10.2557
4.03366 8.62378
2.22726 8.79294
2.92235 9.28978
3.77624 9.19354
1.86794 9.98409
3.80449 8.2498
2.9234 8.93572
3.11238 8.72184
3.16961 8.89402
2.81228 7.81477
2.29079 8.4459
2.50503 8.50503
3.08682 8.5076
2.77949 9.76901
3 9
1.19299 8.41287
3.26765 9.29726
2.1771 10.1326
3.52992 9.84805
2.32277 8.13319
4.51471 9.77178
2.08806 9.61511
3.67844 9.42394
1.60341 9.09766
3.04875 8.60298
3.70803 7.90973
2.38195 10.0286
3.18054 8.76041
2.99825 9.09998
3.09511 8.9691
3 9
4.55247 8.61292
3.15628 9.88633
2.3636 8.3636
3.5523 8.76556
3.29231 8.93251
2.57748 8.20535
2.66131 10.3584
2.97557 9.69957
3.29982 8.98953
2.18432 9.38036
2.2498 9.80449
3.64984 7.21458
3.26594 10.6791
1.60533 8.87798
3.3507 8.28096
6.58689 16.1247
6 16
5.60599 16.3078
4.5146 16.2088
7.84356 16.4597
5.75129 15.8322
6.5032 16.3268
5.74914 16.6535
5.05 14.3546
6.69138 15.8905
5.23751 17.1741
4.44753 16.3871
5.32385 16.1812
6.03136 16.2984
5.97217 16.1981
5.96254 16.0927
4.2262 16.6809
6.64903 16.2622
5.87059 16.483
6.06976 16.9976
7.0286 15.382
6.54163 15.2812
6 15.1
5.01837 16.1908
7.21353 15.1183
6.6809 14.2262
4.93753 17.5752
4.81273 15.2581
5.38142 14.2035
7.78542 16.6498
5.83617 15.8853
7.59391 16.1394
6.68099 17.3365
5.11654 15.8283
6.38042 16.1236
5.53015 16.171
7.21365 15.5341
6.27784 14.4243
5.80195 16.0278
6.69734 16.061
5.90545 16.0326
5.56699 15.75
6.12202 15.7259
5.4544 16.5851
7.04954 15.4182
5.38777 15.6606
6.3152 16.2463
6.03256 15.9054
6.01392 16.099
5.1001 14.9275
6.01047 16.2998
6.28284 15.7172
5.70005 16.0052
7.18092 17.2229
5.35279 15.5298
4.84298 17.3789
6.02588 15.9034
7.38957 17.2958
4.31956 15.3549
5.70892 14.6306
5.51704 16.1294
5.5506 16.2192
7.11145 14.8491
6 16
5.42044 15.8447
4.26973 15.5039
7.57432 15.1273
5.00745 16.1219
6.47281 15.6306
5.8636 16.1463
7.03366 15.6238
7.03481 17.5935
4.95031 17.2075
6.36542 15.8373
6.12856 15.8468
5.63746 14.1349
5.7916 15.7842
6 16
5.19098 16.5878
7.64207 15.56
7.19666 16.508
6.27232 16.4193
6 16
5.12673 16.2177
5.12673 16.2177
5.7497 14.4197
5.80501 14.4119
5.26787 17.6444
4.54377 14.942
5.42661 17.4937
6 16
5.19964 14.9756
5.68507 14.6359
6 16
5.58958 14.8724
6.34641 16.2
5.73778 15.351
6 16
5.64834 16.8285
6 16
18.144 16.2781
19.2598 16.15
18.9325 15.7077
20.1346 15.6093
20.1607 15.2171
19.7607 17.6314
18.8685 15.7304
19.6729 16.1929
20.2614 15.6855
19.3236 15.7649
19.0471 16.8988
19.7452 14.4721
18.9237 16.3927
18.4336 15.3006
18.4045 16.0731
17.9282 15.7526
19.891 16.454
19 16
20.097 17.023
18.2576 17.749
17.8975 15.3111
18.9721 16.399
19.3993 16.3009
18.4301 14.8316
18.6645 15.7821
17.5625 14.9167
20.0519 15.6784
20.6257 16.497
18.9173 15.7116
19.0848 15.947
19.6973 16.061
19.1658 16.1118
17.6192 15.4139
19.3774 16.328
18.9086 15.9593
20.2 16
19.9962 15.9128
20.6168 15.4747
20.6314 15.2393
18.2 16
19.3225 15.1598
18.5003 16.0174
18.9531 16.2963
19.1813 15.9155
18.9721 15.2005
18.9191 15.9412
18.4009 16.9225
20.7669 16.3435
20.2075 17.0497
19.2997 16.7417
19 16
18.8746 14.8066
17.7417 16.6137
18.6922 16.394
19.3762 14.9663
18.9251 15.8146
19.0087 15.9004
18.9004 15.9913
19.3939 16.0695
19.0717 15.8133
19.4225 16.7947
18.8693 17.4943
18.108 17.6776
18.9331 15.9257
19.9271 14.4571
20.2713 17.412
18.9965 15.9001
17.301 16.0593
19.6792 16.5905
18.0595 17.2944
19.5071 14.9124
18.0149 14.7392
18.0113 15.5178
18.5616 16.8988
18.8173 15.9187
18.6419 17.0401
18.9477 14.5009
19.0934 16.0358
18.9316 16.1879
17.5272 16.6252
19.5033 15.2539
17.8954 16.4689
19.8776 16.8184
17.3505 16.4113
18.6254 16.9272
17.6077 16.1463
18.2098 15.8749
19.5985 16.0419
18.9344 16.0755
18.986 16.3998
18.9791 15.7007
19.6809 17.7738
19.293 16.851
19.1554 15.8741
19.0883 16.0469
19 16
19 16
18.5231 16.7632
19.7762 15.8065
20.2361 16.6573
2.15628 14.8863
2 14
2.78252 13.8337
0.678852 12.9302
2.28472 14.6395
2 14
2.20246 13.1231
1.20596 13.9025
2.56337 15.0595
0.744296 14.3365
2 14
1.6968 12.9426
3.18832 14.167
2.26045 13.2436
2.26713 15.3743
3.36412 13.6851
3.1 14
2.79562 14.0836
1.53512 13.0031
0.500914 13.9477
2.1891 14.0651
1.1816 13.1224
2 14
2 14
1.02143 15.6286
3.37147 14.8241
0.233071 13.6565
1.9316 14.1879
1.84735 14.7853
1.24825 14.2736
1.51937 14.1378
2 14
2.30529 12.4294
3.023 15.097
1.50851 13.6559
3.76693 13.6565
2.98769 13.8436
0.935102 14.7456
3.2557 14.3365
1.43269 13.8047
2 14
2.66913 13.2569
2.10751 14.2801
1.9092 14.1782
2.86933 13.7671
1.8127 13.5364
1.43618 13.7948
2.93258 14.7552
1.81946 13.7604
2.84505 12.4107
2.11025 14.3845
0.434964 13.6673
2.94552 13.6744
3.5706 13.6947
2.29726 14.2677
1.44369 14.2248
1.51779 13.0113
0.786475 13.1183
1.11967 13.8129
1.53371 14.3776
2.98163 14.1908
1.32277 13.1332
3.56504 13.6673
1.95463 12.7008
1.89604 13.5109
2.01047 14.2998
1.29289 14.7071
2.70707 13.1574
2.57341 13.5985
1.38142 15.7965
3.35688 13.1521
3.19836 14.0628
2.99756 14.0698
2.09742 13.3068
1.78227 13.1267
1.83722 14.4728
0.774329 15.0285
3.49227 15.0065
1.01702 13.3117
1.50982 14.7548
2.99756 14.0698
1.61177 15.4489
1.60492 13.9374
3.5429 13.0729
1.95819 13.6022
2 14
3.2998 14.0227
0.908803 15.1702
2.27239 13.4654
1.59852 13.5541
1.41221 14.809
2.72812 14.529
2.29886 13.9739
0.473513 13.0461
2.17173 13.1165
0.704203 12.6104
1.60492 13.9374
1.71311 13.9123
0.3 14
2.87142 12.6581
18.6559 2.49149
18.4465 0.392618
18.1137 1.84372
19.4459 1.59852
17.9756 1.19964
19 2
18.1034 1.92156
20.2292 2.42324
18.8561 1.86107
17.3224 2.892
18.3641 3.01766
17.193 1.41287
18.9477 2.59772
18.5616 2.89879
18.5807 1.72768
19.6914 2.1095
18.231 1.77949
18.833 3.18832
19.4973 2.05226
20.2361 2.65726
19.1634 1.7484
19.8988 2.0471
19.1628 1.52724
18.9531 1.91171
20.1328 3.39886
18.5049 1.93041
17.5428 1.12444
18.8608 2.99027
19.9539 3.52649
18.183 0.741994
18.9181 1.94264
20.3523 2.36235
19.892 3.6776
18.4752 1.39623
17.8066 1.87457
18.8746 0.806574
19.7308 1.67461
18.1843 1.61964
19.5448 3.06921
18.2812 1.45837
18.2229 2.62932
18.4245 1.44427
18.9531 2.29631
19.5592 2.82904
19.0719 2.06947
19 2
19.4446 0.7784
18.9642 1.90664
20.0993 2.03839
18.4544 2.58508
19 2
19.2736 1.24825
18.9061 2.17659
20.2292 1.57676
19.5917 3.26883
19.3801 0.756804
20.6618 2.92114
19.3473 2.35967
17.977 0.902969
19.3507 1.28096
20.2887 2.54702
18.4266 0.506271
19.3716 1.66543
19.3881 2.09677
19.4635 0.573415
18.8744 0.204385
20.6935 1.85184
17.7019 1.47555
19 2
19.2996 1.9843
18.8814 0.304141
18.606 2.30783
20.559 1.64008
20.1082 3.41842
19 2
19 2
19.6573 0.763873
20.4266 2.46353
19.2649 2.14084
18.7526 3.07181
18.5082 3.83526
18.4747 0.383204
18.1368 2.83359
18.7604 2.18054
18.7649 2.32361
19.3106 3.15911
18.955 2.19487
18.9546 0.700792
19.3126 0.227346
17.9037 1.51192
18.2274 0.714249
19.2837 1.90233
19.1663 2.78252
18.9775 2.09744
20.3237 2.4558
19.8829 1.53053
19.0629 2.07771
20.2982 2.06804
17.7863 1.53412
19.8345 1.66285
12.5787 2.44096
13.424 2.73504
12.9233 1.90268
12.9101 3.04384
13.206 3.34287
13.7518 2.72638
13.1454 3.26239
12.9376 2.70656
14.2364 3.40172
14.3896 3.17062
13 3
12.9344 2.92453
13.9877 3.15643
14.2124 3.7
13.6237 2.68221
14.5893 3.84505
12.2019 3.05581
13 3
11.4783 3.49443
13.1563 3.88633
13.1254 1.80657
11.462 2.55898
13.483 2.87059
13.454 2.10899
14.4835 3.59937
11.4257 2.12734
13.0523 3.59772
12.5231 3.76324
12.906 2.9658
14.4728 3.62517
12.1612 4.24356
14.2778 2.0371
13.8241 4.37147
12.505 3.49497
12.8518 4.69353
13.5416 3.71877
13.3629 4.45544
12.8146 3.07492
12.3208 2.40955
13.5967 2.93728
14.7989 3.06282
14.2614 3.3145
13.7217 3.83018
13.2925 3.2728
12.4858 3.61284
13.95 1.35455
14.3715 3.82406
12.492 1.80334
13.9899 2.01005
13.0174 3.4997
12.9049 3.0309
12.8087 3.05847
13.6657 3.21631
12.8706 3.48296
13.2924 3.9563
13.7947 3.42252
11.5817 2.51165
13.3762 4.03366
14.1434 4.51741
12.8195 3.23959
14.8988 2.93369
14.0833 2.80899
14.7965 2.38142
14.0673 2.73389
13.1095 2.30862
13.2868 2.59042
13 3
12.8121 2.9316
13.5945 2.4647
12.6608 2.78803
13.3106 4.15911
12.7671 3.86933
11.4735 3.95385
11.4061 2.86055
12.986 3.79988
12.0199 2.50061
14.4672 2.68813
13.1777 1.30931
13.5164 3.97124
13 3
13.1985 3.02437
13.0961 3.02756
12.4266 2.5985
13.1805 3.23959
13.1462 3.47815
11.3371 3.35345
12.2127 2.09435
13.3355 2.78214
13 3
12.9372 3.89781
13 3
12.0795 2.60927
13.2071 2.22726
12.8432 4.49178
12.1005 3.03141
13.2163 3.66574
13.0418 2.60219
12.4443 3.57547
12.8001 3.00698
13.9119 3.61511
-1.08329 10.191
0.117219 9.72385
0.190211 9.9382
-0.0945519 9.96744
0 10
-0.775695 11.3994
1.2213 11.4555
-0.98035 11.5096
0.0961262 9.97244
0.432624 11.3315
0.808915 10.3945
-0.0139598 10.3998
0.43731 10.2424
0.529919 10.848
-0.273616 9.24825
-1.51283 9.47909
0.0845237 10.1813
-0.0174524 10.9998
1.64207 10.44
0.794037 9.9025
0.692252 9.14514
-0.497423 10.3355
-0.556231 11.7119
0.519615 10.3
1.09703 8.977
1.8513 10.4274
-0.497423 9.66448
1.49722 11.1698
0.799513 10.0279
-1.76165 10.7118
0.544639 9.16133
0.359922 8.44101
-2.38806e-16 8.7
1.17414 10.7625
-0.290886 10.5248
0.179184 10.4668
0.323607 9.76489
0.535304 9.40548
0 10
-0.0348782 10.4988
0.898767 9.9529
0 10
0.6 11.0392
-0.273616 10.7518
-0.428584 9.74248
0.254414 9.84102
1.04616 10.3399
-0.353553 10.3536
-0.370874 9.85016
-0.215802 10.2084
-0.0642788 9.9234
-0.359518 10.1753
0.66323 10.4474
0.0190809 9.90184
-0.838671 10.5446
-0.498097 9.95642
-0.251728 9.68914
0.582911 9.06715
-0.0694658 10.0719
-0.0366352 9.30096
0.195341 9.43269
0.196962 10.0347
0.315204 9.75374
1.31557 10.4788
0.391259 9.91684
0.516219 9.26276
-0.045399 10.0891
1.26335 11.1375
1.62862 9.02143
0.798051 9.94419
-0.391259 9.91684
-0.411267 8.3505
0.0776457 10.2898
-1.00685 11.6113
-0.0312869 10.1975
0 10
-0.688292 9.01702
0 10
-1.1203 10.43
0.391435 9.41967
-0.590188 11.1583
0.399756 10.014
0.317952 10.5088
1.04954 9.41823
0.37082 8.85873
1.89277 9.8344
1.62572 9.50297
1.21365 9.53412
0.696165 9.92683
0.0209269 9.70073
-0.181262 10.0845
-0.511948 9.5226
0.196962 10.0347
-0.0374607 9.90728
0.110255 10.3845
0 10
1.23613 9.34274
0.0981627 10.0191
-1.30701 10.5017
-0.0139173 9.90097
2.09271 17.2853
2.44147 17.2347
0.562456 18.0833
1.10493 16.9059
1.81228 18.1852
2.40859 17.8019
2.29583 16.3656
2.51423 16.3872
2.5 16.134
1.86083 16.0097
2 17
1.49205 15.8033
2.39508 17.0626
2.8999 15.9275
2.71934 16.3053
1.72214 16.7123
1.41311 17.1247
2.52533 18.6168
2.16773 17.1089
3.66285 16.6466
1.9658 17.094
1.24482 17.9326
2.41452 16.7204
2.14544 16.7376
2.7795 16.82
1.58066 17.2723
3.03481 15.4065
2.09389 16.8234
3.16976 15.5028
2.67094 17.4357
2 17
2.1841 16.9219
2.59416 16.9165
2.48296 17.1294
1.97906 16.4004
3.6168 17.5253
1.21093 18.6178
2 17
1.64645 16.6464
1.53975 17.1954
2.0471 17.8988
2.6101 15.6297
3.50961 17.9804
3.14345 18.5174
1.42149 16.3106
3.26082 17.9851
1.60492 17.0626
2.14619 17.4782
2.9563 17.2924
2 17
1.40146 16.9581
1.72188 16.144
1.90002 17.0017
1.84372 16.1137
0.817984 17.9235
2.51423 16.3872
0.309313 17.1777
1.66285 16.1655
1.74827 17.3109
2.05584 15.401
1.14405 16.7219
3.1203 16.57
1.80681 17.0518
2.7 18.2124
3.54548 16.5859
2.31493 18.3641
2.48719 17.1125
2.06428 17.0766
3.49909 16.9477
3.49635 17.1046
2.1841 17.0781
1.17781 17.3661
0.953838 17.3399
1.90256 16.9775
0.607669 17.1463
3.48685 16.1758
1.99651 16.9001
1.8218 17.0908
2.08897 18.6977
2.26302 16.4607
2.79696 16.9303
0.558107 16.5865
0.727928 17.7949
1.94067 15.301
2.64903 16.7378
1.85373 17.1364
3.89537 17.1325
2.01745 16.5003
2.95836 16.2778
1.51281 16.8875
2.46353 15.5734
2.28168 17.5298
1.84471 17.5796
3.47281 17.6252
2.06691 16.9257
1.27362 18.4256
1.38489 17.9119
1.70456 16.9479
2.37461 17.9272
2.12856 17.1532
-0.418278 19.4884
1.12586 19.1554
1.09986 19.0052
0.513739 18.4965
0.338137 18.7721
-0.00691263 17.7566
2.22567 20.0285
1.01396 19.3998
0.868489 19.2696
1.7364 19.3126
2.45548 17.7787
2.3435 20.3435
1.11859 20.6959
-0.0519352 19.3216
-0.628618 19.9786
1.23444 19.5523
0.350971 18.7378
0.730362 19.1315
0.0969441 19.9351
1.90631 19.4226
1.45677 19.2034
-0.634145 19.4686
0.883051 18.6175
1.4455 19.227
1.81812 17.9897
-0.202082 20.2021
0.65 19.6062
1.27232 18.5807
1.06691 18.9257
0.0741136 20.4257
0.64033 18.6527
1.93285 18.4171
0.273615 20.4256
1.89945 18.9686
1.30902 18.4857
0.589576 20.1276
2.02441 19.8004
0.853729 19.1364
1 19
1.15451 18.7428
1.88992 18.3534
0.65 18.3938
0.576065 18.3216
0.751926 19.8651
0.696799 20.0574
1.74314 18.3309
1.13589 17.7071
0.787868 18.7879
0.968598 18.4008
0.913397 19.05
0.925686 18.9331
1.18779 18.6468
0.713306 19.7469
0.405839 19.0835
1.91772 20.3106
2.43807 18.2986
0.409115 19.1042
0.0991373 20.4417
2.19571 17.5234
-0.146813 18.197
0.619917 17.7568
0.702236 18.9634
0.926878 19.5955
1.33076 17.8465
1.03486 18.6015
2.05172 18.2359
0.24529 19.6561
0.968713 19.1975
1.12202 20.3947
0.506156 18.9218
1.88992 18.3534
1.91355 18.5933
-0.276115 18.7519
0.903407 19.0259
0.2272 20.7357
1.19988 18.993
1.99586 19.8356
-0.268831 19.5917
2.52649 19.9539
1 19
0.522601 19.5119
-0.390776 19.5619
0.830953 19.3625
0.912538 18.9515
-0.307013 19.5017
1.64903 19.2622
0.755958 18.4519
0.726384 18.2482
2.64207 18.56
2.20444 17.6623
1.09563 18.9708
1.39781 19.0418
-0.628618 18.0214
0.10493 19.0941
-0.501011 18.2019
0.9318 18.9269
-0.617829 19.7891
0.957738 18.9094
2.44889 19.3882
1.12202 18.7259
