14.4474 9.9951
13.8344 9.10723
12.8148 11.1877
15.7825 10.7495
14.0419 9.80073
14.4663 11.3776
13.35 9.87417
14.4678 9.46991
15.3106 10.0823
12.7042 12.3896
14.85 12.4722
13.5757 10.5757
14 11
14.0946 10.9674
12.5077 9.99345
13.4266 12.4937
15.0903 11.708
15.1491 10.0358
13.9703 12.6997
14.0835 10.4058
13.8 11.3464
14.0558 11.7981
13.7184 12.7778
13.55 10.4638
13.6405 11.1753
14.1749 10.903
13.144 11.2781
14.1103 10.6155
13.6645 10.5026
14.5663 10.5886
14.2237 11.3316
14.1392 10.0097
14.4678 12.5301
14.2954 10.9479
14.197 11.0347
14.7913 11.7641
12.6074 10.0249
12.3041 11.1186
12.6416 11.3387
13.8044 11.0416
13.4983 12.307
15.2361 10.3427
14.0391 11.0921
13.2807 10.3053
14.3804 11.8157
12.1012 11.0663
12.8016 10.9372
12.4002 10.9721
12.5906 10.0494
13.1396 12.2287
13.2044 11.0836
15.4375 9.91673
13.5643 10.3291
15.0607 9.93934
14.6632 11.4474
14.5734 12.4937
14.0628 11.8978
14.8866 10.0492
15.6454 11.95
14.4093 9.66117
14.2911 9.63059
12.9676 12.4745
15.6286 10.0214
13.8337 10.2175
14.7625 12.1741
12.9874 10.5702
13.5341 12.7387
13.5914 10.1981
14 11
13.6058 9.97306
14.4145 10.7204
12.3659 11.4686
13.0973 12.198
13.1082 11.803
14.09 10.6103
14.1455 10.3153
14 11
13.9316 11.1879
14 11
12.9608 11.6
13.9634 11.2978
12.5905 11.513
14.9508 11.8866
13.9653 10.803
13.6389 11.4792
13.5146 11.3527
13.9168 10.6087
13.1981 10.5914
14.1251 11.7902
13.0379 11.5333
15.3908 10.4381
13.6258 9.23933
13.9424 12.0985
13.5037 11.0609
15.0973 11.0767
13.5645 12.7465
14.0279 9.40024
15.599 10.9442
13.1267 10.7823
14.2782 11.1124
4.3862 18.3418
4.05 17.3546
5.29108 20.3694
3.92939 17.811
5.93969 18.658
6.20003 19.7211
6.29481 20.2504
4.53321 19.1792
4.86411 20.2929
5.06428 19.0766
5.30902 19.5143
5.33266 17.435
6.0286 18.382
3.65813 19.8714
5.39453 19.8089
3.86738 19.8229
6.49722 20.1698
3.8218 19.5494
6.09703 20.023
3.85093 19.9642
6.34577 19.3859
4.82635 18.0152
5.42402 18.735
3.51315 18.1758
4.15213 17.6431
5.2 18.6536
4.74914 19.6535
5.89945 19.0314
3.90419 18.9041
5.49703 20.6257
3.35562 18.2679
5.33869 20.3584
4.64834 19.8285
5.08452 18.8187
6.07246 19.8999
4.16641 19.8632
4.31063 18.8784
5.64741 18.3748
5.05299 18.9152
4.47023 19.2817
4.95125 18.603
4.86977 19.3782
4.4654 18.7276
6.1594 17.7567
5.25357 18.4562
6.69896 18.9407
5.13357 19.6871
4.07651 17.818
5.23659 20.6835
5.76412 20.0517
5.11134 18.2078
5.29969 18.2583
5.14627 18.8636
4.69217 19.394
4.20136 19.6018
5 19
6.10819 20.4184
4.30862 19.1095
5.28774 19.2779
5.58707 18.6188
3.30647 18.8518
4.67443 18.0545
4.92807 18.9305
4.91613 18.9455
4.94791 19.2954
6.6495 19.4113
5 19
3.38871 17.9932
5.18672 19.0717
5.30642 19.2571
5.98867 19.4822
6.5961 19.1116
5.12313 19.1576
3.57439 18.2736
6.29505 19.1133
4.54323 19.2034
5.2279 18.3381
4.52082 19.3611
5 19
4.58855 18.4337
4.15195 19.5299
5 19
4.50503 18.505
4.47023 19.2817
4.91254 19.0485
5 19
4.58873 20.6495
6.58807 18.805
4.85456 19.2624
6.74896 18.2576
4.66924 20.1535
3.23933 19.3742
4.55537 20.2216
4.72594 19.122
3.51118 19.1828
5.19682 19.2264
6.09732 18.9233
4.9529 18.1012
5 19
4.29293 18.1574
12.6454 11.05
10.0823 10.6894
9.53844 12.3374
12.3237 12.4558
11.4635 11.2285
11.0695 12.3939
11.4908 12.0954
10.6258 10.2393
11.3268 12.5032
10.7537 12.3152
11.007 11.8001
12.3569 12.8479
11.4792 11.6389
11.7264 10.5744
11.9405 13.2944
10.1664 12.8632
11.9009 10.5583
9.50822 12.1568
12.7866 11.7806
11.212 12.3392
10.5951 13.7539
10.9791 12.2993
11.2536 12.5438
10.773 11.5545
12.0126 11.5702
11 12
10.8323 12.1089
10.9268 12.6962
10.4091 12.1042
11.8699 11.0339
11.0853 11.3052
9.56193 12.7014
12.4724 12.2862
11.1172 11.7238
11.3078 12.8457
11.7552 11.0674
10.8784 11.3106
11.3625 12.169
10.6947 10.4294
9.80018 12.0209
10.7153 11.3605
12.4417 12.9009
11.3374 10.5384
11.3268 12.5032
10.3153 12.1455
9.60061 11.2243
10.9581 12.7989
10.7752 12.5563
11 12
10.5879 10.9801
10.3106 12.5785
10.5245 11.8455
10.8366 11.7484
11.2782 11.8876
9.78756 11.3
11.0899 12.0438
12.4489 11.6118
11.1766 12.0939
11.4881 13.0963
12.7539 11.5951
11.4848 12.8746
11.3746 11.0728
12.4672 12.3119
11 12
11.9031 11.0649
9.54456 12.3629
11.1259 11.8446
10.9948 12.3
11.9193 12.7713
10.1224 12.8184
10.4554 11.1613
11.099 12.0139
10.8425 11.3179
10.2882 13.7616
11.1509 11.8688
10.3708 11.6931
10.5702 13.0126
10.1758 10.5131
9.61362 12.1948
10.2359 13.0517
9.31654 12.2366
10.5787 11.441
11.2007 11.7771
10.9703 10.3003
9.67627 11.5442
11 12
11.6 10.9608
10.1053 10.6735
10.134 12.5
11 12
11 12
10.3982 11.2014
11.3993 12.3009
10.0024 12.0698
12.2361 11.3427
11.3009 12.3993
10.9515 12.0875
11.6694 11.7953
10.1521 10.6431
9.36586 11.5314
