592.0 -2978.0
-4378.0 2714.0
-4887.0 2027.0
46.0 1008.0
-4437.0 2721.0
-3062.0 3978.0
976.0 -3122.0
-776.0 -1814.0
671.0 -1991.0
148.0 120.0
1234.0 -2186.0
314.0 -2152.0
-4763.0 2559.0
-5778.0 2214.0
-5342.0 1738.0
-247.0 -355.0
-4187.0 1869.0
-4556.0 2220.0
410.0 -2920.0
-702.0 -2946.0
-81.0 -739.0
-4280.0 2304.0
767.0 -3499.0
-773.0 -2669.0
-4068.0 2746.0
1498.0 -2530.0
561.0 -1513.0
296.0 -210.0
-639.0 1057.0
-4481.0 2045.0
-5382.0 2262.0
1713.0 -2083.0
-212.0 2240.0
601.0 -2297.0
-222.0 322.0
-199.0 -2223.0
-4880.0 2582.0
-4546.0 1766.0
1205.0 -2511.0
-5073.0 3029.0
-5338.0 2782.0
805.0 -2151.0
2233.0 -2283.0
264.0 -2804.0
163.0 -319.0
-1463.0 -3487.0
902.0 -1618.0
146.0 -1010.0
212.0 1434.0
-291.0 -1031.0
-5087.0 2831.0
-4243.0 3113.0
181.0 -605.0
1224.0 -2870.0
-2917.0 -1417.0
-5530.0 2420.0
-105.0 1713.0
-244.0 -2284.0
1010.0 -2076.0
-658.0 -2054.0
-4971.0 2589.0
847.0 2201.0
-4714.0 2394.0
-3881.0 1441.0
1575.0 -3271.0
-3839.0 1671.0
-5415.0 2469.0
-1070.0 -1968.0
-4849.0 2365.0
162.0 -2482.0
-1490.0 -2746.0
-5081.0 1893.0
-1202.0 -4026.0
-4891.0 3057.0
-1142.0 406.0
285.0 -873.0
821.0 -2563.0
-4714.0 2194.0
-150.0 610.0
553.0 -2737.0
-3728.0 1926.0
-3931.0 2285.0
-388.0 806.0
563.0 -2055.0
-124.0 480.0
-49.0 -1951.0
-131.0 1229.0
-1646.0 -3008.0
-226.0 -604.0
-4899.0 3041.0
-5097.0 3253.0
-3869.0 3577.0
-4737.0 2225.0
-4963.0 2467.0
258.0 1282.0
-4468.0 2542.0
-210.0 2006.0
-4568.0 2516.0
81.0 -3003.0
-149.0 2051.0
-4858.0 2720.0
-318.0 450.0
529.0 -2107.0
648.0 236.0
-365.0 247.0
-71.0 -701.0
-4983.0 2539.0
-268.0 496.0
-434.0 -1836.0
-4756.0 2414.0
-3693.0 2451.0
-525.0 -2539.0
-5028.0 2112.0
-4157.0 2205.0
74.0 874.0
-858.0 -1872.0
1531.0 -81.0
380.0 -470.0
622.0 -2402.0
-690.0 -376.0
5.0 -221.0
217.0 1199.0
-291.0 109.0
1336.0 -2248.0
3829.0 -1243.0
-559.0 349.0
-301.0 449.0
751.0 -3437.0
-899.0 -1413.0
-341.0 -1983.0
-157.0 -561.0
-253.0 3603.0
-4043.0 1689.0
437.0 -1363.0
-26.0 652.0
-5166.0 2684.0
1132.0 -2070.0
-424.0 14.0
-750.0 -570.0
463.0 1835.0
-277.0 -2231.0
-941.0 -163.0
2460.0 -3138.0
571.0 2349.0
-721.0 1533.0
332.0 -768.0
539.0 -2429.0
-451.0 1919.0
-371.0 433.0
-5186.0 2864.0
-309.0 -1713.0
1448.0 -2026.0
13.0 15.0
-516.0 1534.0
569.0 -3499.0
-842.0 -1958.0
687.0 -2353.0
-290.0 1160.0
550.0 -3566.0
-4123.0 2149.0
-4692.0 2892.0
720.0 -1964.0
-459.0 -2427.0
1327.0 -1789.0
-383.0 -13.0
-5421.0 2053.0
-34.0 2194.0
-4834.0 2048.0
-4709.0 2761.0
-4408.0 3342.0
103.0 1515.0
650.0 -2392.0
-4190.0 3482.0
329.0 2079.0
2325.0 -2045.0
-241.0 1099.0
-5.0 1261.0
-5084.0 2424.0
-253.0 915.0
106.0 -812.0
-4156.0 1478.0
-4209.0 1765.0
-5373.0 1935.0
-627.0 -1909.0
183.0 -537.0
-698.0 -1358.0
-99.0 1245.0
-318.0 760.0
12.0 1082.0
-3656.0 1756.0
-4319.0 1797.0
-177.0 363.0
-1009.0 -4059.0
-3729.0 3039.0
1178.0 -2966.0
-196.0 650.0
-3640.0 -3124.0
1348.0 -2088.0
807.0 -1731.0
-4480.0 2520.0
-4317.0 1759.0
883.0 -871.0
1075.0 -2343.0
-187.0 1663.0
301.0 -2537.0
-4784.0 2772.0
-447.0 -3069.0
-4432.0 2414.0
1962.0 -1748.0
-4258.0 1694.0
-215.0 -2853.0
796.0 1466.0
-4443.0 1441.0
-2.0 -1074.0
-4581.0 2779.0
1426.0 -2162.0
-4659.0 1997.0
-180.0 2218.0
-4824.0 2000.0
490.0 -2536.0
-381.0 453.0
-958.0 -2162.0
-109.0 2279.0
-779.0 -305.0
-264.0 -2720.0
1282.0 -2396.0
-3940.0 2606.0
1213.0 -2417.0
66.0 104.0
-4350.0 3222.0
-5083.0 2493.0
-397.0 -1605.0
-3605.0 2533.0
-695.0 329.0
-4419.0 2681.0
56.0 -2572.0
-3686.0 2672.0
-392.0 818.0
-23.0 1195.0
-432.0 -564.0
-245.0 -315.0
227.0 -2585.0
-608.0 -1236.0
-4821.0 2373.0
-4901.0 2277.0
-4126.0 1212.0
-3713.0 2229.0
-4424.0 1302.0
706.0 -3458.0
-330.0 846.0
212.0 -664.0
3.0 -2073.0
-93.0 -295.0
-4555.0 1893.0
-428.0 -2860.0
-3430.0 2672.0
-4715.0 2441.0
-773.0 -3847.0
-539.0 -2525.0
-4679.0 723.0
2504.0 -2564.0
-462.0 -1604.0
-61.0 -1891.0
-4329.0 2769.0
727.0 -3021.0
-5095.0 2115.0
1263.0 -2053.0
-4951.0 2221.0
1300.0 -2694.0
-244.0 386.0
-38.0 504.0
1031.0 -2917.0
-976.0 1214.0
-238.0 -2272.0
1358.0 -1726.0
-5280.0 3224.0
-4989.0 2921.0
-4642.0 474.0
-4463.0 2287.0
59.0 -1737.0
-4808.0 1640.0
-36.0 540.0
812.0 -2612.0
1480.0 -2720.0
-5026.0 2328.0
-4949.0 2325.0
-204.0 384.0
-156.0 -40.0
-264.0 -34.0
312.0 -1438.0
-4872.0 2400.0
-5149.0 2825.0
419.0 -2777.0
-3468.0 2958.0
1006.0 -2952.0
-2667.0 3815.0
943.0 2261.0
482.0 -2412.0
58.0 -3568.0
-5077.0 2147.0
