-9.105882 -7.458824
-9.615686 -5.113725
-9.611765 -3.870588
-8.956863 -9.882353
-8.729412 -15.780392
-4.101961 -10.368627
-9.678431 -9.105882
-9.090196 -11.513725
-8.250980 -4.447059
-7.768627 -3.360784
-8.584314 -5.572549
-9.007843 -3.792157
-6.737255 -3.905882
-8.921569 -7.650980
-7.015686 -6.874510
-7.384314 -9.062745
-7.364706 -6.407843
-8.525490 -9.858824
-10.807843 -5.278431
-10.258824 -3.921569
-9.184314 -6.070588
-6.450980 -3.274510
-7.635294 -11.156863
-9.721569 -10.121569
-9.611765 -11.400000
-9.341176 -12.917647
-9.321569 -11.298039
-8.388235 -11.721569
-9.690196 -10.019608
-8.341176 -8.733333
-9.925490 -8.043137
-6.835294 -8.035294
-9.305882 -7.901961
-8.666667 -15.027451
-9.862745 -7.603922
-8.509804 -4.086275
-8.411765 -6.458824
-6.043137 -12.364706
-9.219608 -4.388235
-1.874510 -2.321569
-8.219608 -11.043137
-5.513725 -7.168627
-10.815686 -7.098039
-9.156863 -6.098039
-8.819608 -6.458824
-7.117647 -8.701961
-14.839216 -10.117647
-8.784314 -9.701961
-8.207843 -7.705882
-8.823529 -9.905882
-8.470588 -9.670588
-6.862745 -10.721569
-9.827451 -8.776471
-8.509804 -7.050980
-3.886275 -5.101961
-10.109804 -12.666667
-7.517647 -8.098039
-7.686275 -10.996078
-9.356863 -4.298039
-11.325490 -11.168627
-9.223529 -9.945098
-10.905882 -11.752941
-9.631373 -8.533333
-9.505882 -10.133333
-8.498039 -9.737255
-7.392157 -6.756863
-8.556863 -6.745098
-7.415686 -7.047059
-8.847059 -10.337255
-7.835294 -5.929412
-8.384314 -6.250980
-9.682353 -8.396078
-11.396078 -14.454902
-11.066667 -8.643137
-7.443137 -7.662745
-7.509804 -10.913725
-7.215686 -7.560784
-8.109804 -8.431373
-8.482353 -13.329412
-9.227451 -13.203922
-10.286275 -7.611765
-5.764706 -0.658824
-6.850980 -8.647059
-7.129412 -11.843137
-9.505882 -6.941176
-9.305882 -9.423529
-9.435294 -11.396078
-10.588235 -9.325490
-9.890196 -13.341176
-5.780392 -8.070588
-7.262745 -8.909804
-5.509804 -15.203922
-9.866667 -11.725490
-7.239216 -7.325490
-8.831373 -8.000000
-8.243137 -4.674510
-8.427451 -9.800000
-7.541176 -8.247059
-10.654902 -10.827451
-9.309804 -13.521569
9.262745 -19.545098
6.466667 -16.443137
7.400000 -19.219608
7.329412 -20.874510
13.592157 -20.933333
17.137255 -17.843137
15.145098 -22.235294
7.443137 -17.898039
8.447059 -19.890196
7.447059 -19.486275
4.956863 -15.011765
7.670588 -24.494118
0.815686 -20.705882
2.133333 -19.607843
6.764706 -22.388235
13.149020 -20.882353
10.235294 -18.839216
8.203922 -21.372549
15.658824 -23.941176
9.333333 -23.262745
5.400000 -15.227451
1.156863 -13.964706
0.803922 -15.196078
3.486275 -17.854902
2.486275 -16.054902
0.709804 -14.772549
2.356863 -18.631373
5.603922 -15.470588
3.200000 -14.862745
3.545098 -15.333333
7.992157 -20.541176
16.552941 -26.207843
10.400000 -18.290196
5.843137 -17.192157
-3.090196 -4.101961
2.627451 -17.192157
11.980392 -21.141176
1.372549 -16.674510
3.290196 -20.215686
1.592157 -14.015686
3.901961 -18.137255
5.945098 -19.937255
8.258824 -21.482353
3.972549 -19.454902
7.592157 -16.509804
11.650980 -21.909804
10.874510 -20.482353
13.321569 -25.188235
5.054902 -21.000000
15.419608 -22.792157
15.039216 -23.039216
8.239216 -21.337255
10.301961 -21.219608
2.874510 -20.074510
12.454902 -24.721569
10.811765 -20.223529
7.854902 -20.694118
5.717647 -16.705882
9.137255 -20.392157
11.694118 -4.800000
16.396078 -23.337255
4.364706 -14.827451
18.592157 -22.231373
7.607843 -19.843137
7.270588 -14.713725
10.490196 -20.890196
10.949020 -22.572549
4.866667 -21.549020
7.505882 -23.584314
5.686275 -21.576471
10.756863 -19.431373
7.933333 -20.756863
11.372549 -19.074510
15.184314 -19.788235
12.282353 -23.811765
11.835294 -19.749020
8.203922 -23.113725
5.568627 -18.572549
5.568627 -19.325490
3.549020 -19.439216
10.035294 -9.329412
7.431373 -20.074510
1.396078 -24.980392
-4.498039 -24.827451
-4.223529 -22.286275
11.556863 -16.301961
0.552941 -20.929412
6.266667 -17.270588
7.254902 -17.733333
8.788235 -17.172549
3.921569 -14.509804
3.117647 -19.839216
0.890196 -22.874510
9.670588 -21.639216
0.196078 -18.329412
2.815686 -17.215686
-1.411765 -16.580392
5.011765 -31.160784
7.517647 -23.572549
8.901961 -19.992157
-12.184314 -4.882353
-3.525490 -6.105882
-7.494118 -6.545098
-11.654902 -9.333333
-6.160784 -10.301961
-5.282353 -8.247059
-7.603922 -8.537255
-6.603922 -9.356863
-9.984314 -8.454902
-4.670588 -7.815686
-10.180392 -7.105882
-4.141176 -5.835294
-11.925490 -9.956863
0.505882 -10.694118
-6.921569 -7.917647
-8.631373 -7.870588
-2.435294 -7.054902
-5.490196 -7.356863
-1.062745 -11.250980
-13.211765 -10.921569
-7.035294 -7.780392
-0.152941 -6.858824
-0.635294 -8.211765
3.796078 -8.282353
-8.584314 -8.113725
-9.078431 -8.231373
-9.658824 -10.286275
-8.752941 -8.078431
-1.117647 -9.933333
-12.709804 -9.101961
-7.854902 -8.913725
-6.650980 -7.639216
-9.592157 -7.011765
-6.729412 -8.909804
-6.729412 -5.192157
-6.156863 -10.007843
-6.003922 -10.592157
-6.701961 -9.321569
-1.403922 -8.282353
-2.913725 -8.521569
-10.247059 -11.376471
-7.172549 -8.717647
-5.364706 -8.250980
-8.384314 -11.403922
-9.247059 -10.603922
-6.964706 -10.784314
-6.439216 -9.788235
-8.152941 -9.000000
-3.945098 -7.819608
-9.254902 -4.737255
-9.223529 -11.419608
-9.101961 -7.196078
-10.243137 -6.784314
-8.392157 -10.478431
-3.313725 -6.968627
-12.145098 -9.823529
-4.909804 -4.972549
-10.517647 -5.482353
-4.400000 -6.682353
-11.258824 -6.968627
-11.274510 -6.349020
-8.164706 -9.725490
-7.211765 -8.976471
-4.533333 -9.913725
-9.513725 -10.823529
-6.262745 -8.741176
-3.552941 -10.172549
-3.482353 -6.980392
-2.074510 -9.258824
-7.243137 -8.788235
-6.639216 -7.768627
-3.662745 -6.501961
-2.000000 -8.235294
-2.286275 -10.498039
-7.027451 -4.643137
-4.450980 -8.858824
-5.372549 -9.490196
-5.129412 -7.388235
-3.458824 -9.443137
-3.239216 -8.141176
-4.831373 -7.647059
3.513725 -4.776471
-9.333333 -11.733333
-5.941176 -8.835294
-9.286275 -7.482353
-4.784314 -6.768627
-8.321569 -4.078431
-8.407843 -10.541176
-3.360784 -11.862745
-6.984314 -8.490196
-9.858824 -8.282353
-8.247059 -4.254902
-7.384314 -8.372549
-13.494118 -10.513725
-8.756863 -10.121569
-10.560784 -6.356863
-3.356863 -7.615686
-15.078431 -7.886275
-7.450980 -6.117647
-6.443137 -10.419608
2.815686 -8.956863
2.737255 -10.305882
-2.058824 -7.368627
-0.525490 -7.984314
3.105882 -9.545098
5.666667 -10.160784
10.705882 -12.549020
2.086275 -9.945098
7.992157 -10.211765
4.243137 -12.298039
4.960784 -11.964706
5.949020 -12.333333
3.180392 -10.819608
-1.827451 -8.290196
-2.843137 -11.941176
2.223529 -14.749020
-2.847059 -10.807843
-2.290196 -10.282353
2.905882 -11.729412
1.929412 -11.670588
-2.976471 -5.611765
-3.482353 -9.286275
5.788235 -10.407843
1.592157 -10.196078
1.717647 -12.980392
1.196078 -13.031373
4.721569 -13.505882
6.301961 -13.047059
2.874510 -9.870588
-0.850980 -7.203922
7.188235 -11.078431
5.780392 -12.666667
3.772549 -12.650980
2.776471 -12.745098
-1.807843 -5.541176
6.666667 -13.137255
7.647059 -10.203922
3.600000 -10.862745
5.686275 -12.596078
6.698039 -10.070588
1.505882 -8.227451
-0.466667 -11.533333
-0.733333 -11.447059
1.196078 -8.866667
4.231373 -12.372549
3.090196 -11.560784
8.705882 -11.223529
2.050980 -12.105882
3.874510 -8.807843
2.556863 -10.023529
0.325490 -9.078431
3.662745 -12.533333
6.156863 -9.349020
3.854902 -10.121569
-1.168627 -12.227451
6.160784 -9.643137
3.694118 -10.415686
2.086275 -10.203922
3.772549 -13.505882
0.956863 -10.384314
5.270588 -15.474510
1.792157 -18.035294
5.600000 -12.682353
0.160784 -11.533333
3.933333 -13.501961
1.600000 -10.180392
5.070588 -14.733333
4.207843 -14.301961
3.168627 -14.611765
3.372549 -14.564706
8.305882 -9.984314
2.372549 -13.305882
5.458824 -10.792157
7.082353 -11.968627
7.133333 -9.760784
-4.372549 -8.505882
5.149020 -9.831373
5.650980 -11.039216
4.443137 -14.011765
2.101961 -14.807843
2.854902 -8.776471
-0.749020 -8.364706
-1.105882 -12.588235
4.909804 -12.956863
-2.207843 -8.341176
6.941176 -19.160784
1.019608 -14.203922
2.972549 -11.647059
1.282353 -9.862745
9.415686 -13.054902
7.411765 -7.105882
5.772549 -7.349020
1.431373 -7.274510
6.847059 -8.345098
-1.654902 -10.486275
1.462745 -11.431373
-0.847059 -11.756863
-0.686275 -10.654902
2.337255 -10.745098
-0.117647 -11.749020
-14.427451 4.003922
-12.090196 6.082353
-11.227451 2.858824
-4.576471 1.901961
-9.282353 7.494118
-7.662745 7.301961
-1.003922 -4.831373
-0.741176 -1.792157
-5.294118 -2.878431
-3.949020 4.168627
-13.537255 2.925490
-12.996078 1.082353
-5.509804 -3.831373
-7.188235 2.176471
-13.831373 -0.301961
-9.478431 -5.062745
-9.674510 -5.078431
-10.603922 5.733333
-13.474510 -2.870588
-17.109804 2.874510
-3.690196 1.376471
-8.568627 10.356863
-2.854902 10.250980
-6.792157 2.588235
-9.796078 2.384314
-15.964706 0.647059
-8.356863 2.270588
-6.501961 3.066667
-3.388235 5.466667
-16.109804 3.254902
-7.909804 3.572549
-9.270588 0.980392
-0.188235 -4.219608
-9.858824 5.411765
-8.592157 2.874510
1.309804 -4.588235
-11.945098 2.525490
-6.529412 4.294118
-9.470588 -2.717647
-12.886275 4.478431
-12.556863 4.596078
-6.937255 -4.278431
-6.725490 -0.701961
-11.933333 2.921569
-8.600000 2.105882
-13.588235 -1.800000
-12.074510 -1.196078
-4.901961 4.690196
-6.435294 0.035294
-6.694118 -0.341176
-9.250980 -0.364706
-9.701961 0.462745
-12.431373 -1.043137
-7.435294 3.380392
-3.713725 -3.541176
-3.329412 -1.274510
-2.600000 -4.105882
-2.141176 -0.690196
-8.647059 7.517647
-6.278431 3.807843
-9.976471 9.498039
-9.815686 2.019608
-17.647059 6.886275
-15.564706 2.474510
-9.305882 5.886275
-5.607843 2.556863
-6.305882 4.933333
-3.105882 1.066667
-15.431373 -1.070588
-7.337255 0.647059
-7.882353 -3.325490
-17.294118 5.560784
-12.819608 -0.419608
-1.325490 -4.635294
-10.345098 1.333333
-12.160784 1.650980
-7.972549 -0.764706
-10.694118 1.839216
-7.094118 6.513725
-8.466667 5.643137
-5.505882 -7.043137
-6.462745 5.066667
0.960784 2.701961
-10.752941 5.576471
-4.286275 -0.035294
-14.074510 -2.717647
-1.149020 -4.121569
-9.976471 3.011765
-11.674510 4.725490
-8.619608 8.839216
-8.788235 0.811765
-12.690196 2.298039
-10.725490 0.247059
-14.435294 -0.490196
-10.368627 0.415686
-11.458824 -0.101961
-10.533333 0.117647
-10.525490 8.486275
-3.576471 -1.090196
-18.972549 -1.992157
-8.737255 -14.988235
-10.800000 -12.839216
-9.666667 -8.419608
-12.929412 -6.356863
-7.698039 -12.419608
-9.164706 -15.831373
-11.160784 -12.078431
-10.431373 -9.372549
-10.360784 -9.882353
-7.211765 -11.196078
-14.050980 -16.301961
-13.596078 -14.200000
-10.325490 -14.325490
-11.658824 -13.611765
-9.945098 -17.301961
-14.117647 -9.882353
-8.250980 -15.105882
-13.007843 -7.870588
-12.007843 -11.686275
-9.815686 -9.290196
-8.376471 -10.831373
-10.733333 -12.380392
-12.890196 -11.094118
-6.635294 -11.984314
-6.560784 -13.588235
-8.627451 -7.874510
-2.819608 -8.160784
-10.572549 -12.235294
-9.196078 -11.266667
-12.415686 -10.141176
-11.317647 -6.180392
-10.800000 -10.258824
-11.160784 -18.784314
-8.839216 -16.478431
-7.603922 -19.666667
-10.000000 -10.878431
-2.274510 -20.274510
-10.360784 -11.309804
-4.494118 -13.207843
-10.662745 -10.411765
-10.274510 -12.886275
-10.909804 -13.764706
-10.129412 -7.196078
-12.992157 -7.478431
-9.078431 -11.964706
-9.603922 -11.729412
-9.498039 -11.474510
-10.701961 -19.588235
-9.239216 -11.654902
-8.858824 -11.870588
-10.450980 -15.109804
-8.964706 -10.588235
-7.227451 -14.623529
-9.137255 -18.611765
-8.760784 -18.133333
-7.843137 -14.133333
-11.309804 -12.392157
-8.952941 -15.054902
-1.415686 -20.254902
-9.360784 -24.184314
-11.964706 -10.921569
-12.823529 -10.227451
-8.803922 -12.827451
-12.976471 -17.541176
-8.321569 -10.721569
-11.709804 -17.270588
-7.678431 -12.509804
-9.556863 -12.278431
-2.862745 -12.941176
-10.270588 -16.356863
-9.627451 -15.258824
-10.850980 -11.149020
-12.717647 -8.890196
-11.772549 -13.827451
-13.125490 -6.035294
-10.227451 -11.976471
-12.513725 -13.996078
-11.917647 -11.125490
-11.670588 -10.776471
-6.462745 -15.827451
-4.807843 -14.917647
-12.690196 -12.196078
-5.925490 1.211765
-7.156863 -16.615686
-7.403922 -13.074510
-5.329412 -16.200000
-11.266667 -12.670588
-13.078431 -8.286275
-7.070588 -8.858824
-7.149020 -13.556863
-12.313725 -15.694118
-8.058824 -11.807843
-14.545098 -16.796078
-5.980392 -14.576471
-10.125490 -11.058824
-6.941176 -16.054902
-9.094118 -11.988235
-11.172549 -11.682353
-13.388235 -11.545098
-10.517647 -12.384314
-7.607843 -3.396078
-13.203922 0.709804
-12.388235 -3.313725
-13.592157 -3.145098
-13.898039 -3.247059
-14.827451 -4.019608
-15.231373 -6.384314
-13.105882 -17.145098
-9.498039 -17.050980
-14.745098 1.192157
-16.427451 -11.305882
-14.329412 -5.945098
-13.556863 -6.419608
-8.301961 -9.792157
-12.996078 1.505882
-13.160784 -5.247059
-12.917647 -7.921569
-7.968627 -10.792157
-9.917647 -16.192157
-11.725490 -6.039216
-11.184314 -5.309804
-8.200000 -4.309804
-12.666667 -8.996078
-13.482353 -6.611765
-10.862745 -13.333333
-9.666667 -5.258824
-9.305882 -0.866667
-11.690196 -1.078431
-14.466667 -3.815686
-9.643137 -5.337255
-11.686275 -4.941176
-10.247059 -7.188235
-9.811765 -7.105882
-9.654902 -7.113725
-14.301961 -7.070588
-9.674510 -8.913725
-14.615686 -6.270588
-8.694118 -14.082353
-13.494118 -4.247059
-8.650980 -7.176471
-9.694118 -4.509804
-14.011765 -8.803922
-4.368627 -8.517647
-10.470588 1.560784
-12.615686 -3.776471
-15.360784 -9.415686
-9.513725 -6.313725
-11.239216 -9.874510
-12.113725 -7.886275
-15.729412 -6.482353
-13.619608 1.572549
-6.937255 -3.831373
-14.101961 -8.949020
-3.898039 -12.039216
-6.047059 -11.552941
-12.835294 -6.929412
-15.133333 -6.333333
-7.960784 -5.129412
-11.027451 -1.913725
-6.552941 -2.490196
-16.400000 -9.262745
-11.525490 -10.607843
-12.000000 -11.341176
-12.082353 -8.270588
-15.529412 -9.647059
-14.372549 -6.113725
-14.121569 -6.450980
-12.039216 -2.972549
-11.694118 -6.219608
-15.996078 -3.235294
-8.607843 -8.780392
-9.556863 1.023529
-14.384314 -3.356863
-11.411765 -9.294118
-7.447059 -9.541176
-10.039216 -2.674510
-15.086275 -5.549020
-14.082353 -8.819608
-13.207843 -2.023529
-14.345098 -2.392157
-12.800000 -5.050980
-13.309804 -5.827451
-10.231373 -7.721569
-16.223529 0.615686
-17.400000 1.235294
-7.011765 -3.694118
-14.321569 -2.462745
-18.545098 -1.533333
-13.282353 -8.364706
-12.784314 -10.682353
-14.360784 -6.878431
-13.505882 -10.956863
-11.874510 -4.784314
-14.494118 -7.278431
-12.866667 -8.647059
-18.254902 -9.792157
-14.388235 -1.227451
-8.125490 -1.968627
-12.639216 -4.772549
-12.490196 -4.709804
-7.180392 -18.568627
-7.380392 -20.494118
-4.407843 -18.149020
-12.733333 -21.447059
-11.219608 -16.952941
-5.611765 -17.250980
-7.690196 -20.239216
-11.137255 -15.145098
-7.250980 -20.568627
-8.552941 -18.521569
-13.266667 -21.572549
-7.247059 -15.717647
-5.945098 -15.074510
4.839216 -19.890196
-19.666667 -22.984314
-7.450980 -21.647059
-14.564706 -18.164706
-3.180392 -17.517647
-9.466667 -19.670588
-11.752941 -19.831373
-5.513725 -17.772549
-3.235294 -21.133333
-11.529412 -24.266667
-12.988235 -19.992157
-9.290196 -20.411765
-8.227451 -14.627451
-8.007843 -16.541176
-13.462745 -20.568627
-12.627451 -20.180392
-8.309804 -19.917647
-11.345098 -21.149020
-10.309804 -16.529412
-6.635294 -18.258824
-3.200000 -17.184314
-5.749020 -17.811765
-11.388235 -19.192157
-7.909804 -15.909804
-10.705882 -21.121569
-3.396078 -17.662745
-9.776471 -19.000000
-4.533333 -21.968627
-5.654902 -14.431373
-11.796078 -17.098039
-14.262745 -16.380392
-10.258824 -17.239216
-8.000000 -16.792157
-4.129412 -20.254902
-3.964706 -13.729412
-4.423529 -15.427451
-8.705882 -19.717647
-9.074510 -18.407843
-6.231373 -18.890196
-7.168627 -17.882353
-6.623529 -20.670588
-12.545098 -23.400000
-4.160784 -22.458824
-5.960784 -15.803922
-5.027451 -18.831373
-11.709804 -23.286275
-7.439216 -16.356863
-14.560784 -14.435294
-18.411765 -23.047059
-5.717647 -24.635294
-0.654902 -21.745098
-13.521569 -19.223529
-3.764706 -15.160784
-9.156863 -18.850980
-4.890196 -17.250980
-3.211765 -14.898039
-0.415686 -18.321569
-8.325490 -21.313725
-5.592157 -16.682353
-5.450980 -17.623529
-9.666667 -18.113725
-8.894118 -17.623529
-10.647059 -17.776471
-11.266667 -17.854902
-10.258824 -17.403922
-9.576471 -17.215686
-8.784314 -17.568627
-10.964706 -17.717647
-1.082353 -14.564706
-3.117647 -18.223529
-2.537255 -11.917647
-6.674510 -17.411765
-7.431373 -17.070588
-9.274510 -18.372549
-8.505882 -20.576471
-10.756863 -17.682353
-7.647059 -18.164706
-12.850980 -18.733333
-14.725490 -22.756863
-11.850980 -18.305882
-5.345098 -19.690196
-9.505882 -17.176471
-11.243137 -18.450980
-10.172549 -17.192157
-3.211765 -20.411765
-9.760784 -21.886275
-8.666667 -17.090196
-9.737255 -12.105882
-8.356863 -8.474510
-10.729412 -4.729412
-7.984314 -9.552941
-8.337255 -11.145098
-10.066667 -7.015686
-8.886275 -12.384314
-7.737255 -4.419608
-8.984314 -14.035294
-5.345098 -5.196078
-7.929412 -13.984314
-7.466667 -3.874510
-7.831373 -13.894118
5.403922 -10.823529
-4.556863 -10.776471
0.384314 -7.968627
-7.996078 -6.921569
-6.439216 -7.137255
-10.352941 -10.086275
-6.278431 -8.937255
-15.325490 -10.423529
-3.376471 -12.247059
-7.717647 -4.635294
-9.866667 -17.913725
-7.862745 -14.200000
-7.027451 -6.211765
1.407843 -11.227451
-9.466667 -13.772549
-8.525490 -9.090196
-8.313725 -13.827451
-6.858824 8.090196
-10.364706 -11.392157
-9.290196 -6.717647
-5.607843 -3.176471
-12.509804 -10.211765
-10.847059 -11.403922
-9.396078 -11.192157
-6.133333 -8.894118
-9.411765 -5.647059
-4.772549 -8.662745
-12.086275 -4.996078
-5.117647 -3.407843
-5.423529 -10.670588
-6.219608 -9.301961
-9.823529 -8.474510
-10.039216 -6.972549
-1.039216 -7.243137
-7.184314 -12.219608
-8.411765 -8.772549
-9.819608 -11.341176
-1.403922 -3.607843
-7.270588 -0.635294
-2.450980 -0.466667
-4.345098 -13.011765
-7.682353 -14.780392
-9.529412 -10.007843
-5.015686 -4.458824
-5.992157 -10.839216
-11.701961 -4.501961
-10.180392 -13.050980
-13.349020 -11.976471
-11.450980 -10.980392
-6.764706 -10.317647
-12.066667 -13.164706
-7.160784 -2.196078
-5.090196 -7.968627
-7.388235 -10.800000
-11.098039 -7.733333
-6.172549 -9.545098
-3.627451 -14.780392
-10.380392 -6.411765
-6.678431 -11.949020
-8.882353 -7.031373
-7.627451 -9.996078
-5.643137 -11.925490
-8.756863 -14.082353
-2.470588 -10.407843
-9.674510 -10.270588
-2.078431 -10.721569
-8.752941 -9.372549
-7.372549 -9.647059
-0.984314 -6.686275
-0.007843 -5.600000
-2.745098 -6.172549
-2.392157 -6.133333
-3.650980 -5.572549
-3.850980 -4.729412
-3.274510 -5.109804
-3.250980 -4.301961
-2.266667 -6.415686
-4.490196 -4.419608
-6.847059 -6.250980
-6.788235 -2.121569
-7.678431 -3.749020
-12.490196 -12.058824
-13.047059 -11.996078
-5.698039 -14.937255
-11.725490 -8.290196
-6.803922 -9.423529
-8.992157 -11.282353
-8.776471 -5.913725
-9.325490 -6.141176
-4.858824 -2.019608
-3.482353 -7.011765
-2.411765 -13.447059
0.678431 -6.866667
-6.431373 -6.737255
-2.227451 -7.019608
-3.090196 -6.031373
-4.427451 -13.705882
-8.752941 -15.176471
-5.666667 -8.756863
-6.200000 -4.200000
-7.282353 -3.313725
-7.062745 -17.972549
7.121569 -9.984314
-4.082353 -3.164706
-2.949020 -13.003922
-2.760784 -8.486275
3.678431 -8.352941
-2.117647 -11.992157
-0.858824 -13.596078
-0.992157 -8.176471
-7.756863 -11.929412
-5.333333 -10.407843
-7.152941 -3.270588
-6.650980 -8.117647
-6.521569 -6.505882
-5.392157 -7.807843
-7.458824 -8.039216
-7.086275 -2.952941
0.925490 -9.098039
-6.027451 -6.647059
-0.913725 -6.050980
-2.384314 -7.600000
-0.639216 -8.537255
-4.772549 -7.376471
-2.223529 -13.972549
-4.019608 -16.505882
-1.639216 -7.607843
-3.596078 -4.278431
-7.011765 -8.580392
-1.819608 -12.298039
-4.945098 -8.286275
3.854902 -10.388235
2.352941 -9.584314
-3.709804 -9.427451
-2.290196 -5.631373
-8.560784 -7.486275
-5.223529 -7.403922
0.074510 -10.835294
-6.215686 -9.972549
-10.184314 -10.003922
-8.784314 -1.364706
-15.105882 -3.968627
-0.380392 -8.435294
0.886275 -8.525490
-4.717647 -14.207843
0.674510 -10.643137
0.380392 -9.713725
-7.439216 -10.717647
-5.701961 -7.403922
1.745098 -8.874510
-7.733333 -8.596078
-4.686275 -7.784314
-6.756863 -6.105882
-9.000000 -12.058824
2.423529 -9.200000
-5.360784 -5.925490
-3.086275 -10.913725
-0.466667 -3.917647
-3.156863 -11.596078
-4.870588 -8.141176
-3.549020 -12.772549
-0.286275 -5.235294
1.035294 -15.168627
-2.250980 -18.486275
2.070588 -15.356863
1.462745 -18.929412
-0.596078 -15.874510
-3.662745 -18.156863
-0.266667 -16.258824
-0.086275 -19.349020
-2.121569 -14.992157
-4.592157 -17.721569
-2.160784 -14.529412
-4.996078 -17.129412
-1.521569 -14.800000
-4.156863 -17.537255
-1.639216 -14.243137
-4.247059 -17.313725
-0.439216 -15.968627
-2.901961 -18.360784
-3.498039 -14.274510
-2.584314 -17.831373
-1.231373 -14.258824
-2.407843 -6.760784
-3.298039 -8.333333
4.494118 -23.380392
-2.180392 -12.039216
